fly_grassland

VEHICLE
NUMBER     CAPACITY   SPEED  CHARGE_RATE  DEGRADATION_rate
  25         56.1       61.2    56.1          0.05

CUSTOMER
CUST NO.   XCOORD.   YCOORD.   DEMAND    READY TIME   DUE DATE   SERVICE TIME

    0      20         25          0          0       1236          0
    1      22.5       43         10        70        120         0
    2      22.5       35         30        110        130         0
    3      21         33         10         55        156         0
    4      21         34         10        115        160         0
    5      21         37.5       10         15         60         0
    6      20         39.5       20        95        160        0
    7      20        38         20        120        223         0
    8      19        39.5        20        130        200         0
    9      19        35         10        98        120         0
   10      18        33         10        100        406         0
   11      17        39.5        10        90        120         0
   12      12.5      47.5       20        40        100         0
   13      14        30         20        40        100         0
   14     14.5       30.5       20        40        100         0
   15      14.8      30.4       20        40        100         0
   16      13.5      28         20        40        100         0
   17      12        34         20        40        100         0
   18      13        28         20        40        100         0
   19      28        50         20        40        100         0
   20      29        55        20        40        100         0





station 1  21.7500   34.0000
station 2  19.4000   38.8000
station 3  18.5000   34.0000
station 4  12.5000   47.5000


